11.4
1.7
1.5
2.9
40576
45664
10.1
1.5
52737
2
9.5
52737
52737
6.5
4.7
52737
52737
10.1
52737
9.8
7.5
52737
6.2
52737
14.9
52737
52737
52737
52737
52737
52737
11040
43488
1.1
1.4
1.2
43489
1.3
0.9
54816
1.7
54817
0.8
1.2
54817
6.4
14.3
0.9
54817
10.4
13
1.2
54817
54817
0.5
54817
7.9
13.2
54817
2.7
54817
8.2
54817
4.1
54817
0.9
6.7
7.9
1.1
6.7
6
1.8
13.3
13.2
0.2
54817
54817
0.7
54817
54817
54817
1.5
0.8
1
54817
4.9
3.3
1.1
0.9
54817
5.2
30.4
9
26528
0.9
3.2
2.7
0.9
0.9
52736
1.3
52737
2.2
12289
5.2
35377
37457
1.8
9.5
0.8
37552
14.5
2.1
1.2
9.5
0.9
52016
1.3
52017
52017
52017
0.8
52017
52432
0.7
5
0.7
52433
52433
52433
1.4
1
1.5
52433
0.8
4.6
1.8
11.3
34849
34849
13
52113
12.5
1.2
52112
4.9
12.9
52113
52113
1
52113
52113
52113
9.4
0.7
3.8
52113
14.1
0.9
2.6
1.3
1.1
8.6
1.1
52113
1.7
52113
1.1
4.8
1.2
1.6
52113
14.8
32145
6.6
7.6
1.8
1.5
0.8
0.7
4
0.9
51393
8.8
52225
