14464
1.2
9
8.2
11.1
1.4
44321
44321
44321
7.2
1.8
44321
44321
0.2
46081
0.9
46081
1.6
6.5
50769
1.3
0.8
6.3
1
50769
50769
50769
50769
50769
0.9
52016
1.4
1.9
1.4
52017
1.1
52016
52017
1.5
1.4
1.1
52016
16.4
1
1.5
1.6
52017
52017
1.3
7.8
8.7
13.7
1.4
0.8
52017
52017
52017
1.5
13.7
1
52017
9.1
52017
52017
1
1.7
2
52017
52017
52017
52017
2
0.7
1.1
1.5
1
4.2
1.3
52017
52017
52017
1
1.6
52017
0.8
52017
1
52017
4.7
15
52017
1.1
4.6
3.9
52017
6.8
1.1
32769
7.7
52017
1.3
2.9
1.4
52017
4.1
1.5
52641
7.3
52641
9.7
52641
1.7
52641
1.3
7
52641
52641
52641
0.9
1
52641
52641
52641
3.2
3.7
52641
52641
53569
0.8
0.9
53569
9.2
53569
1.1
53569
3.1
8.8
1.3
53569
53569
53569
1.8
53569
3
11.3
0.7
53569
53569
0.9
0.8
53569
1.2
1.4
0.9
1.1
10.8
1.2
5.5
53569
53569
1.6
1.2
53569
1.6
53569
3.3
1.4
1.6
1.6
1.6
30273
0.8
1
1.4
0.8
1.9
1.2
33185
1.8
1
7
33712
33712
3.9
1.5
13.8
41505
0.9
0.6
