6.5
1.8
5.6
16.8
6.4
1.8
1.9
1.7
13
45.6
1.2
1.4
1.2
14.2
12.1
1.4
23.9
0.4
11.8
1
1.5
7.5
6.2
1.6
5.7
1.5
0.9
1.5
1.1
0.8
1.2
13.2
10
7.7
0.6
0.4
16.3
12.8
1.6
0.2
12.3
0.4
14.3
0.9
2.8
2.3
1.3
1.8
6.3
2.7
1
1.2
10.1
1
0.3
0.1
10.3
3.8
10.3
16.4
17.6
12.7
11
11.6
15.2
4
1.1
0.9
1.4
0.3
2.2
1.2
2.1
1
12.9
12.4
1.1
15.8
19.8
1.7
1.1
6.6
2
0.5
1.7
1.3
10.4
1.6
0.2
1.9
1
16.9
7
19.1
1.4
1.9
1.9
5.3
0.7
2.9
1.9
10.6
1.3
1.4
16.3
1.7
6
20.6
0.9
1.4
1.4
0.2
9.8
22.6
1.4
12.1
10
1.4
0.7
1.4
1.5
15.5
15.8
1.3
7.5
1.8
8.3
1
2
19.5
0.1
1.1
11.5
1.3
1.4
1.7
16
0.9
2.1
0.9
14.8
1.4
1.5
1.9
0.3
1.1
26.2
1.3
14.2
11.3
1.2
1.2
11.5
0.9
1.6
1.7
10.7
1.1
9.8
9.6
10.1
9.6
15.1
1.8
24.5
1.5
2.1
11.9
2.3
0.8
1
13.9
13.4
1.5
23.3
1.1
1.7
1
1.3
1.3
6
1.3
13.1
8.1
0.9
0.7
1.4
18.3
1.6
0.9
1.8
1.1
5.9
1.6
1
0.7
0.8
12.1
